0.9276367
-0.02565807
0.5083517
-0.5681595
0.5448664
0.593209
-0.1824131
0.3349475
-0.2573413
0.3335259
0.2495022
-1.112943
1.517907
1.023921
0.4412449
0.6487339
0.4216986
-1.213016
-0.7404451
0.5437974
-0.2994817
0.4670712
0.04243234
-0.2842706
-0.02831623
0.1026704
-0.3795608
-0.2016107
0.6545661
0.103447
-0.07418751
0.08773977
-0.2262112
-0.4340904
0.3114444
0.1326677
0.2240901
0.4174438
-0.0844633
0.3601338
0.1356597
0.2886405
-0.4437662
0.2490436
0.7546797
0.1471491
0.3819948
-0.4414343
0.3092425
-0.3147969
-0.4302156
-0.07323147
-0.1827263
0.4945378
-0.4577003
0.1159629
0.4232641
0.1872373
0.260887
0.2707183
0.446372
-0.3778962
0.4759861
0.332543
0.156321
-0.4682148
0.1451889
-0.212914
-0.152638
-0.521123
0.1786927
0.2294851
0.24281
-0.008009454
0.8625804
0.02888209
-0.1986108
0.1074346
-0.08194238
0.1584105
-0.417675
-0.9094144
0.07804756
0.3908991
-0.04234767
-0.3541524
0.1090801
0.03219043
0.4172471
